0 272
1 80
2 187
3 680
4 122
5 528
6 33
7 449
8 69
9 544
10 236
11 56
12 144
13 90
14 127
15 261
16 139
17 4
18 122
19 212
20 470
21 262
22 678
23 242
24 132
25 80
26 1288
27 348
28 221
29 223
30 177
31 621
32 652
33 282
34 44
35 140
36 80
37 81
38 342
39 54
40 886
41 98
42 199
43 18
44 63
45 326
46 276
47 122
48 317
49 176
50 854
51 42
52 522
53 65
54 285
55 9
56 252
57 592
58 20
59 413
60 393
61 236
62 618
63 716
64 168
65 84
66 622
67 102
68 322
69 485
70 180
71 722
72 565
73 176
74 290
75 251
76 775
77 381
78 170
79 153
80 160
81 51
82 0
83 641
84 0
85 228
86 284
87 366
88 403
89 49
90 27
91 212
92 352
93 24
94 98
95 157
96 306
97 552
98 260
99 924
100 277
101 182
102 72
103 12
104 51
105 182
106 390
107 55
108 1071
109 386
110 233
111 186
112 22
113 95
114 110
115 162
116 153
117 302
118 328
119 156
120 172
121 112
122 176
123 0
124 364
125 80
126 161
127 542
128 408
129 522
130 48
131 40
132 55
133 390
134 262
135 409
136 92
137 0
138 120
139 152
140 24
141 36
142 91
143 210
144 97
145 434
146 432
147 48
148 48
149 324
150 480
151 60
152 42
153 60
154 428
155 319
156 581
157 140
158 238
159 6
160 316
161 6
162 112
163 156
164 74
165 473
166 413
167 328
168 8
169 117
170 272
171 815
172 117
173 782
174 20
175 320
176 131
177 531
178 176
179 126
180 0
181 120
182 126
183 0
184 579
185 273
186 196
187 0
188 374
189 177
190 243
191 325
192 362
193 240
194 481
195 461
196 198
197 1645
198 162
199 42
200 139
201 359
202 215
203 217
204 0
205 650
206 84
207 0
208 90
209 360
210 70
211 156
212 495
213 682
214 364
215 165
216 104
217 202
218 256
219 126
220 249
221 110
222 170
223 396
224 808
225 366
226 168
227 48
228 151
229 676
230 30
231 217
232 390
233 366
234 988
235 411
236 80
237 55
238 0
239 203
240 247
241 143
242 96
243 370
244 227
245 266
246 387
247 30
248 339
249 6
250 306
251 110
252 89
253 90
254 24
255 136
256 48
257 450
258 80
259 242
260 139
261 330
262 37
263 240
264 440
265 183
266 420
267 30
268 61
269 0
270 264
271 99
272 227
273 380
274 65
275 109
276 0
277 0
278 450
279 112
280 240
281 606
282 193
283 503
284 114
285 140
286 245
287 0
288 299
289 70
290 424
291 0
292 362
293 0
294 256
295 0
296 40
297 119
298 344
299 338
300 393
301 70
302 60
303 9
304 170
305 343
306 489
307 426
308 142
309 63
310 312
311 231
312 121
313 28
314 172
315 292
316 589
317 0
318 102
319 34
320 38
321 375
322 24
323 190
324 90
325 444
326 104
327 63
328 70
329 184
330 421
331 449
332 663
333 222
334 807
335 169
336 278
337 134
338 256
339 275
340 42
341 0
342 382
343 257
344 149
345 176
346 517
347 355
348 290
349 763
350 135
351 0
352 98
353 182
354 10
355 144
356 148
357 82
358 176
359 267
360 12
361 113
362 30
363 90
364 0
365 12
366 160
367 204
368 361
369 0
370 152
371 45
372 312
373 96
374 110
375 468
376 360
377 25
378 358
379 238
380 162
381 95
382 178
383 0
384 240
385 264
386 60
387 84
388 0
389 557
390 0
391 210
392 110
393 110
394 17
395 55
396 68
397 546
398 240
399 255
400 174
401 112
402 168
403 409
404 205
405 583
406 12
407 30
408 0
409 12
410 0
411 203
412 794
413 685
414 756
415 178
416 476
417 70
418 195
419 64
420 462
421 474
422 48
423 566
424 105
425 0
426 184
427 434
428 1225
429 813
430 774
431 219
432 242
433 21
434 96
435 75
436 182
437 4
438 136
439 94
440 144
441 159
442 0
443 337
444 592
445 144
446 21
447 146
448 0
449 146
450 372
451 772
452 0
453 563
454 0
455 163
456 120
457 8
458 10
459 308
460 28
461 343
462 80
463 26
464 0
465 156
466 102
467 130
468 321
469 418
470 621
471 60
472 160
473 530
474 140
475 336
476 16
477 0
478 0
479 215
480 52
481 173
482 54
483 85
484 450
485 25
486 383
487 209
488 447
489 54
490 39
491 96
492 164
493 119
494 263
495 18
496 764
497 28
498 228
499 34
500 276
501 6
502 55
503 293
504 0
505 391
506 121
507 343
508 171
509 258
510 564
511 0
512 112
513 683
514 314
515 13
516 0
517 183
518 25
519 110
520 168
521 147
522 574
523 187
524 60
525 0
526 201
527 0
528 0
529 200
530 116
531 0
532 128
533 0
534 100
535 140
536 144
537 0
538 397
539 119
540 0
541 35
542 474
543 0
544 55
545 0
546 160
547 146
548 10
549 170
550 153
551 135
552 0
553 216
554 40
555 110
556 307
557 160
558 155
559 575
560 166
561 220
562 25
563 22
564 0
565 88
566 0
567 36
568 0
569 279
570 127
571 169
572 30
573 0
574 70
575 84
576 48
577 237
578 0
579 153
580 0
581 420
582 36
583 204
584 0
585 230
586 65
587 189
588 45
589 252
590 180
591 457
592 400
593 120
594 124
595 97
596 20
597 210
598 323
599 72
600 34
601 0
602 286
603 0
604 0
605 180
606 52
607 30
608 215
609 240
610 132
611 126
612 74
613 972
614 0
615 0
616 215
617 521
618 297
619 110
620 408
621 0
622 180
623 258
624 95
625 112
626 942
627 168
628 49
629 18
630 346
631 6
632 48
633 150
634 15
635 223
636 0
637 234
638 9
639 468
640 4
641 0
642 493
643 273
644 0
645 164
646 44
647 0
648 72
649 84
650 84
651 0
652 0
653 0
654 0
655 0
656 200
657 0
658 60
659 156
660 0
661 834
662 85
663 112
664 45
665 112
666 67
667 548
668 269
669 242
670 231
671 290
672 26
673 88
674 306
675 52
676 37
677 208
678 0
679 280
680 92
681 143
682 130
683 475
684 5
685 24
686 72
687 0
688 0
689 145
690 16
691 60
692 0
693 195
694 0
695 33
696 126
697 14
698 10
699 3
700 0
701 156
702 224
703 42
704 0
705 4
706 141
707 27
708 321
709 0
710 144
711 0
712 60
713 160
714 104
715 442
716 27
717 468
718 14
719 0
720 277
721 8
722 16
723 63
724 176
725 0
726 112
727 143
728 35
729 56
730 118
731 139
732 216
733 292
734 315
735 0
736 0
737 70
738 393
739 0
740 0
741 206
742 225
743 244
744 0
745 0
746 0
747 0
748 84
749 50
750 362
751 96
752 286
753 207
754 175
755 0
756 77
757 64
758 0
759 45
760 15
761 28
762 0
763 0
764 0
765 0
766 143
767 9
768 0
769 44
770 80
771 216
772 0
773 487
774 112
775 66
776 0
777 64
778 0
779 0
780 91
781 0
782 14
783 483
784 109
785 332
786 19
787 160
788 0
789 241
790 360
791 70
792 10
793 0
794 154
795 0
796 0
797 140
798 25
799 16
800 84
801 304
802 144
803 0
804 117
805 392
806 388
807 50
808 0
809 0
810 96
811 32
812 266
813 162
814 141
815 0
816 272
817 211
818 6
819 0
820 91
821 113
822 145
823 295
824 0
825 42
826 210
827 106
828 324
829 0
830 65
831 822
832 221
833 0
834 144
835 287
836 65
837 0
838 72
839 0
840 60
841 80
842 0
843 48
844 112
845 0
846 44
847 90
848 60
849 126
850 0
851 0
852 6
853 32
854 132
855 77
856 18
857 154
858 40
859 90
860 121
861 135
862 36
863 286
864 0
865 80
866 96
867 0
868 66
869 0
870 266
871 0
872 0
873 0
874 198
875 0
876 0
877 65
878 0
879 0
880 0
881 30
882 56
883 207
884 0
885 0
886 0
887 20
888 192
889 2
890 8
891 0
892 0
893 0
894 255
895 110
896 227
897 0
898 30
899 285
900 182
901 14
902 0
903 98
904 0
905 0
906 9
907 0
908 0
909 0
910 0
911 103
912 24
913 0
914 8
915 86
916 30
917 0
918 0
919 30
920 32
921 456
922 132
923 0
924 16
925 856
926 8
927 0
928 120
929 247
930 0
931 258
932 117
933 0
934 0
935 0
936 208
937 0
938 0
939 90
940 0
941 0
942 208
943 230
944 0
945 0
946 0
947 0
948 34
949 0
950 544
951 0
952 171
953 0
954 63
955 0
956 576
957 0
958 40
959 147
960 70
961 0
962 0
963 266
964 197
965 15
966 0
967 7
968 184
969 0
970 0
971 0
972 28
973 17
974 0
975 204
976 54
977 60
978 0
979 256
980 0
981 355
982 0
983 0
984 0
985 0
986 0
987 28
988 0
989 0
990 0
991 0
992 0
993 0
994 70
995 0
996 55
997 0
998 44
999 20
1000 40
1001 0
1002 140
1003 78
1004 34
1005 0
1006 280
1007 0
1008 30
1009 0
1010 0
1011 0
1012 388
1013 0
1014 0
1015 169
1016 0
1017 0
1018 12
1019 21
1020 0
1021 72
1022 167
1023 0
1024 0
1025 0
1026 0
1027 0
1028 357
1029 0
1030 0
1031 0
1032 32
1033 0
1034 128
1035 66
1036 150
1037 0
1038 48
1039 0
1040 0
1041 0
1042 0
1043 0
1044 30
1045 28
1046 320
1047 210
1048 0
1049 72
1050 57
1051 18
1052 0
1053 72
1054 0
1055 0
1056 195
1057 60
1058 175
1059 0
1060 0
1061 100
1062 0
1063 0
1064 0
1065 0
1066 151
1067 168
1068 120
1069 0
1070 0
1071 0
1072 0
1073 98
1074 0
1075 0
1076 0
1077 0
1078 135
1079 0
1080 0
1081 0
1082 0
1083 0
1084 36
1085 0
1086 75
1087 0
1088 0
1089 56
1090 65
1091 300
1092 0
1093 6
1094 0
1095 0
1096 13
1097 65
1098 0
1099 0
1100 0
1101 0
1102 0
1103 0
1104 0
1105 0
1106 0
1107 264
1108 0
1109 0
1110 0
1111 12
1112 0
1113 0
1114 0
1115 197
1116 33
1117 204
1118 0
1119 120
1120 0
1121 0
1122 0
1123 36
1124 60
1125 0
1126 220
1127 0
1128 0
1129 0
1130 0
1131 0
1132 0
1133 0
1134 0
1135 0
1136 0
1137 16
1138 90
1139 0
1140 66
1141 108
1142 0
1143 42
1144 0
1145 0
1146 0
1147 0
1148 0
1149 180
1150 0
1151 0
1152 0
1153 0
1154 0
1155 0
1156 0
1157 60
1158 0
1159 0
1160 0
1161 0
1162 0
1163 0
1164 89
1165 0
1166 0
1167 0
1168 0
1169 0
1170 75
1171 15
1172 0
1173 88
1174 0
1175 0
1176 0
1177 0
1178 0
1179 0
1180 0
1181 0
1182 0
1183 0
1184 304
1185 16
1186 0
1187 0
1188 368
1189 0
1190 0
1191 0
1192 22
1193 60
1194 0
1195 0
1196 0
1197 0
1198 0
1199 0
1200 0
1201 161
1202 0
1203 0
1204 0
1205 0
1206 0
1207 0
1208 0
1209 0
1210 0
1211 0
1212 273
1213 0
1214 72
1215 63
1216 408
1217 0
1218 72
1219 17
1220 0
1221 40
1222 100
1223 0
1224 0
1225 182
1226 0
1227 0
1228 0
1229 0
1230 0
1231 0
1232 0
1233 0
1234 0
1235 0
1236 0
1237 0
1238 0
1239 0
1240 0
1241 120
1242 0
1243 0
1244 0
1245 0
1246 0
1247 0
1248 0
1249 0
1250 0
1251 0
1252 0
1253 0
1254 18
1255 0
1256 0
1257 0
1258 0
1259 0
1260 0
1261 0
1262 90
1263 0
1264 0
1265 60
1266 0
1267 0
1268 0
1269 0
1270 0
1271 0
1272 0
1273 0
1274 0
1275 105
1276 0
1277 0
1278 0
1279 0
1280 0
1281 0
1282 0
1283 0
1284 0
1285 0
1286 0
1287 0
1288 0
1289 0
1290 0
1291 0
1292 0
1293 0
1294 175
1295 0
1296 0
1297 0
1298 0
1299 0
1300 16
1301 0
1302 0
1303 0
1304 0
1305 0
1306 0
1307 0
1308 0
1309 0
1310 182
1311 0
1312 0
1313 112
1314 0
1315 0
1316 0
1317 0
1318 0
1319 36
1320 0
1321 0
1322 0
1323 0
1324 0
1325 0
1326 0
1327 0
1328 0
1329 0
1330 0
1331 0
1332 0
1333 0
1334 0
1335 0
1336 0
1337 0
1338 0
1339 0
1340 0
squares 1341
